Start
Mean: 0.513383546966974
Std: 0.2747382025116963
